 Variant=__
 x:
   1.0000000   2.0000000   3.0000000   4.0000000
 A:
 -8.3000000 -9.8000000 -4.7000000  0.3000000
  4.7000000  6.5000000 -1.8000000 -9.5000000
 -3.1000000 -6.3000000 -5.2000000  5.5000000
  7.2000000 -9.5000000 -9.3000000  2.0000000
 b:
  -40.8000000  -25.7000000  -9.3000000  -31.7000000
 k= 1 m= 1
 U: 
  1.0000000  1.1807229  0.5662651 -0.0361446
  0.0000000  0.9506024 -4.4614458 -9.3301205
  0.0000000 -2.6397590 -3.4445783  5.3879518
  0.0000000 -18.0012048 -13.3771084  2.2602410
 L: 
 -8.3000000  0.0000000  0.0000000  0.0000000
  0.0000000  0.0000000  0.0000000  0.0000000
  0.0000000  0.0000000  0.0000000  0.0000000
  0.0000000  0.0000000  0.0000000  0.0000000
 k= 2 m= 4
 U: 
  1.0000000  1.1807229  0.5662651 -0.0361446
  0.0000000  1.0000000  0.7431230 -0.1255605
  0.0000000  0.0000000 -1.4829128  5.0565022
  0.0000000  0.0000000 -5.1678603 -9.2107623
 L: 
 -8.3000000  0.0000000  0.0000000  0.0000000
  7.2000000 -18.0012048  0.0000000  0.0000000
  0.0000000  0.0000000  0.0000000  0.0000000
  0.0000000  0.0000000  0.0000000  0.0000000
 k= 3 m= 4
 U: 
  1.0000000  1.1807229  0.5662651 -0.0361446
  0.0000000  1.0000000  0.7431230 -0.1255605
  0.0000000  0.0000000  1.0000000  1.7823164
  0.0000000  0.0000000  0.0000000  7.6995221
 L: 
 -8.3000000  0.0000000  0.0000000  0.0000000
  7.2000000 -18.0012048  0.0000000  0.0000000
  4.7000000  0.9506024 -5.1678603  0.0000000
  0.0000000  0.0000000  0.0000000  0.0000000
 k= 4 m= 4
 U: 
  1.0000000  1.1807229  0.5662651 -0.0361446
  0.0000000  1.0000000  0.7431230 -0.1255605
  0.0000000  0.0000000  1.0000000  1.7823164
  0.0000000  0.0000000  0.0000000  1.0000000
 L: 
 -8.3000000  0.0000000  0.0000000  0.0000000
  7.2000000 -18.0012048  0.0000000  0.0000000
  4.7000000  0.9506024 -5.1678603  0.0000000
 -3.1000000 -2.6397590 -1.4829128  7.6995221
   1   4   2   3
 L*U-P*A
          0          0          0                    0
          0          0          0                    0
          0          0 2.22044604925031E-16          0
          0          0          0                    0
 Determinabt=-5945.03200
 x:
   1.0000000   2.0000000   3.0000000   4.0000000
 A
 -8.3000000 -9.8000000 -4.7000000  0.3000000
  4.7000000  6.5000000 -1.8000000 -9.5000000
 -3.1000000 -6.3000000 -5.2000000  5.5000000
  7.2000000 -9.5000000 -9.3000000  2.0000000
 A^(-1)
 -0.0418736 -0.0353636 -0.0865883  0.0764215
 -0.0875487  0.0897563  0.1883287 -0.0784292
  0.0381226 -0.1270796 -0.2314840  0.0272348
 -0.0878414 -0.0372684  0.1298782 -0.0210138
   A*A^(-1)-E
          0            5.20417042793042E-17  6.24500451351651E-17 -8.76035355368288E-17
          0                      0                   0                   0
  1.11022302462516E-16 8.32667268468867E-17 -1.11022302462516E-16 -5.55111512312578E-17
 -1.11022302462516E-16 1.94289029309402E-16  7.21644966006352E-16        0
 Число обусловленности матрицы A= 
 Норма-1: 12.4338
 Норма-2: 20.4246
 Норма-3:  8.0317
 A*x-b:
  7.105427357601E-15  -1.06581410364015E-14           0           0
  Погрешность 
          0 -2.44249065417534E-15 2.66453525910038E-15 -8.88178419700125E-16
